Precipitaciones Diarias (mm) 
Estación Meteorológica   Cordoba Observatorio
Año 2023 Precipitaciones Diarias (mm) 
Datos Preliminares
 
Día;Ene;Feb;Mar;Abr;May;Jun;Jul;Ago;Sep;Oct;Nov;Dic;
1;3,0;22,5;<0.1;<0.1;S/P;S/P;S/P;S/P;S/P;S/P;10,0;0,6;
2;S/P;S/P;S/P;2,0;<0.1;S/P;S/P;S/P;3,0;S/P;S/P;1,0;
3;1,0;S/P;S/P;S/P;<0.1;<0.1;S/P;S/P;0,2;S/P;S/P;3,0;
4;S/P;S/P;S/P;<0.1;9,0;<0.1;S/P;S/P;S/P;S/P;S/P;4,0;
5;S/P;S/P;S/P;S/P;9,0;S/P;S/P;S/P;S/P;S/P;S/P;4,0;
6;S/P;S/P;22,0;S/P;S/P;S/P;<0.1;S/P;2,0;S/P;S/P;0,2;
7;S/P;S/P;S/P;2,0;S/P;S/P;S/P;S/P;S/P;S/P;S/P;S/P;
8;S/P;S/P;S/P;S/P;S/P;S/P;<0.1;S/P;S/P;S/P;S/P;S/P;
9;S/P;S/P;S/P;S/P;S/P;S/P;3,0;S/P;S/P;S/P;S/P;S/P;
10;9,5;S/P;S/P;S/P;S/P;S/P;9,5;S/P;S/P;S/P;S/P;S/P;
11;0,2;S/P;S/P;S/P;S/P;S/P;4,0;S/P;S/P;S/P;S/P;S/P;
12;16,0;S/P;S/P;19,0;S/P;S/P;0,2;S/P;S/P;S/P;S/P;9,0;
13;S/P;S/P;9,0;<0.1;S/P;S/P;S/P;S/P;S/P;S/P;S/P;<0.1;
14;S/P;S/P;13,0;S/P;S/P;S/P;S/P;S/P;S/P;S/P;S/P;S/P;
15;S/P;10,0;S/P;0,2;S/P;S/P;S/P;S/P;S/P;S/P;26,0;4,0;
16;S/P;S/P;S/P;S/P;S/P;S/P;S/P;S/P;S/P;S/P;S/P;S/P;
17;20,0;S/P;S/P;2,0;9,0;S/P;S/P;S/P;S/P;<0.1;S/P;18,0;
18;S/P;S/P;S/P;S/P;S/P;S/P;S/P;S/P;S/P;S/P;S/P;2,0;
19;S/P;S/P;S/P;S/P;S/P;0,1;S/P;S/P;S/P;S/P;S/P;7,0;
20;45,0;S/P;S/P;S/P;<0.1;S/P;S/P;S/P;S/P;S/P;S/P;S/P;
21;S/P;S/P;9,0;S/P;S/P;S/P;S/P;S/P;2,0;S/P;3,6;S/P;
22;2,5;7,0;67,0;S/P;S/P;S/P;S/P;S/P;S/P;4,6;S/P;S/P;
23;S/P;S/P;13,0;4,0;S/P;S/P;S/P;S/P;S/P;4,7;S/P;11,0;
24;17,0;S/P;15,0;S/P;<0.1;S/P;S/P;S/P;S/P;<0.1;<0.1;3,0;
25;2,5;0,2;S/P;S/P;<0.1;S/P;S/P;S/P;S/P;<0.1;S/P;S/P;
26;S/P;S/P;S/P;S/P;<0.1;S/P;S/P;S/P;S/P;S/P;S/P;S/P;
27;17,0;S/P;S/P;S/P;S/P;S/P;S/P;S/P;S/P;4,0;S/P;S/P;
28;S/P;S/P;S/P;S/P;S/P;S/P;S/P;S/P;S/P;S/P;26,5;<0.1;
29;<0.1;;S/P;S/P;S/P;S/P;S/P;S/P;S/P;S/P;17,0;S/P;
30;S/P;;3,0;S/P;S/P;S/P;S/P;S/P;S/P;S/P;<0.1;S/P;
31;S/P;;0,8;;S/P;;S/P;S/P;;<0.1;;73,0;
Total;  133,7;   39,7;  151,8;   29,2;   27,0;    0,1;   16,7;;    7,2;   13,3;   83,1;  139,8;
 
Temperatura Máxima (°C)
Estación Meteorológica   Cordoba Observatorio
Año 2023 Temperatura Máxima (°C)
Datos Preliminares
 
Día;Ene;Feb;Mar;Abr;May;Jun;Jul;Ago;Sep;Oct;Nov;Dic;
1; 30,1; 30,2; 33,0; 24,7; 20,0; 24,8; 23,1; 34,5; 28,6; 29,0; 12,5; 35,0;
2; 32,1; 28,2; 37,8; 20,6; 20,5; 27,4; 27,6; 30,0; 23,6; 30,1; 14,4; 33,0;
3; 31,5; 29,0; 35,2; 26,6; 19,2; 24,3; 25,5; 21,5; 13,6; 24,4; 24,5; 27,6;
4; 33,5; 29,0; 37,5; 24,7; 18,4; 19,2; 30,1; 23,3; 17,4; 23,4; 27,5; 18,3;
5; 35,5; 32,6; 37,2; 25,4; 16,5; 21,6; 20,5; 23,0; 17,4; 27,7; 30,5; 19,5;
6; 36,7; 35,3; 35,5; 28,3; 21,7; 26,2; 16,0; 26,0; 16,2; 29,6; 33,8; 28,4;
7; 38,2; 36,7; 32,1; 29,4; 26,4; 21,5; 14,5; 18,7; 20,4; 28,2; 43,7; 32,5;
8; 37,8; 32,7; 36,2; 29,8; 24,8; 29,6; 20,8; 17,0; 18,8; 31,2; 30,3; 30,0;
9; 38,2; 34,5; 36,2; 30,4; 27,5; 23,2; 16,8; 19,7; 24,2; 32,6; 29,6; 27,4;
10; 39,5; 35,2; 37,4; 30,6; 23,4; 14,9; 15,8; 26,0; 35,0; 38,5; 29,5; 32,8;
11; 33,2; 35,8; 37,5; 31,3; 24,6; 15,5; 13,5; 17,6; 33,6; 25,6; 33,6; 33,7;
12; 25,8; 39,1; 37,5; 25,5; 27,6; 14,8; 10,6; 16,0; 20,0; 21,0; 28,0; 35,5;
13; 30,6; 33,6; 37,5; 16,0; 28,5; 15,0;  9,0; 27,2; 22,0; 23,8; 28,0; 31,6;
14; 34,5; 33,2; 31,1; 17,8; 30,0; 17,6; 15,2; 32,6; 28,5; 26,5; 28,1; 31,3;
15; 34,1; 36,0; 34,2; 19,6; 30,6; 17,4; 15,8; 33,5; 35,0; 31,6; 32,0; 32,4;
16; 35,6; 31,0; 34,3; 22,0; 29,6; 18,5; 12,4; 28,0; 30,6; 30,4; 26,5; 38,5;
17; 36,2; 18,6; 35,5; 22,7; 28,1; 14,3;  9,5; 21,5; 26,4; 25,5; 35,5; 33,2;
18; 32,6; 23,5; 35,0; 24,8; 22,4; 18,0; 15,4; 19,2; 21,4; 21,3; 28,2; 21,4;
19; 35,4; 28,5; 34,5; 26,5; 23,5; 14,3; 15,8; 24,5; 23,0; 29,0; 29,9; 17,9;
20; 39,2; 31,0; 27,5; 26,5; 19,2; 13,0; 23,5; 20,6; 23,8; 31,1; 38,4; 22,5;
21; 32,5; 33,5; 23,9; 23,2; 21,2; 13,5; 29,2; 34,2; 31,8; 34,5; 31,6; 28,6;
22; 32,9; 28,5; 23,8; 24,5; 23,5; 18,7; 22,2; 23,6; 26,5; 29,6; 30,8; 30,5;
23; 33,0; 31,0; 22,6; 22,5; 26,5; 21,7; 15,5; 19,0; 21,6; 26,3; 30,8; 35,2;
24; 30,6; 31,4; 23,0; 20,7; 26,5; 20,8; 15,5; 20,7; 24,2; 23,0; 29,7; 33,5;
25; 31,3; 34,1; 29,5; 25,9; 23,0; 21,4; 15,6; 19,3; 23,5; 21,4; 32,5; 32,2;
26; 32,8; 31,4; 24,6; 28,6; 20,7; 23,6; 19,4; 15,5; 20,8; 26,6; 35,6; 33,0;
27; 29,2; 35,9; 27,5; 30,0; 17,8; 21,4; 20,8; 19,8; 26,0; 32,7; 35,7; 35,8;
28; 29,5; 36,1; 32,1; 30,6; 16,6; 19,2; 22,0; 21,7; 26,2; 32,3; 34,5; 39,5;
29; 26,7;s/d; 27,1; 32,0; 15,1; 16,9; 29,5; 26,4; 20,8; 38,8; 28,7; 36,1;
30; 32,5;s/d; 28,3; 26,3; 21,0; 19,6; 27,6; 32,7; 24,8; 28,5; 28,0; 29,6;
31; 33,7;s/d; 22,1;s/d; 23,8;s/d; 28,2; 22,0;s/d; 23,6;s/d; 32,3;
 
Temperatura Mínima (°C)
Estación Meteorológica   Cordoba Observatorio
Año 2023 Temperatura Mínima (°C)
Datos Preliminares
 
Día;Ene;Feb;Mar;Abr;May;Jun;Jul;Ago;Sep;Oct;Nov;Dic;
1; 19,0; 20,9; 23,0; 13,8; 14,5;  8,5;  5,5; 15,2; 11,4; 12,6;  9,2; 23,8;
2; 15,0; 17,5; 19,2; 18,0; 12,5; 15,2; 15,3; 14,6;  8,5; 15,2;  8,8; 18,9;
3; 18,0; 19,0; 20,6; 16,9; 12,4; 14,6; 13,1; 14,2;  8,4; 12,7;  4,8; 10,8;
4; 17,5; 17,9; 20,2; 18,2; 11,8; 13,9; 17,5;  8,0;  9,5;  7,0;  9,8; 13,2;
5; 18,0; 17,8; 21,9; 16,7; 12,8; 12,7; 14,9; 12,9;  6,2;  9,5; 14,0; 12,7;
6; 19,8; 18,6; 18,6; 17,8;  9,8; 14,0; 12,6;  9,1;  9,6; 11,8; 16,4; 17,6;
7; 21,0; 21,0; 18,0; 18,2;  8,8; 14,4; 10,6;  8,0; 11,0; 11,8; 22,1; 15,0;
8; 24,4; 21,7; 18,5; 19,5;  9,5; 16,0; 11,6;  6,5;  6,6; 11,6; 18,2; 19,2;
9; 23,0; 22,4; 21,2; 19,0; 10,5; 14,0; 13,5;  5,1;  7,0; 15,9; 16,0; 20,2;
10; 22,8; 20,2; 21,2; 18,0; 11,5; 10,0; 13,5; 11,4; 11,5; 19,7; 20,2; 15,0;
11; 19,0; 20,5; 25,0; 19,1; 13,2;  7,0;  8,9;  7,5; 17,8; 14,5; 18,5; 19,0;
12; 16,5; 26,9; 26,5; 16,0; 12,7;  0,4;  7,1;  7,5;  8,4;  6,2; 16,4; 22,0;
13; 13,7; 21,0; 25,6; 12,0; 11,4; -0,6;  3,0;  7,5;  8,5;  7,5; 12,5; 23,4;
14; 15,8; 22,5; 20,8; 12,0; 11,6; -1,0;  2,4;  7,9;  9,6; 11,9; 14,5; 21,8;
15; 18,5; 21,5; 20,5; 13,1; 11,5;  1,4;  2,7; 13,5; 11,7; 10,8; 16,4; 23,0;
16; 20,8; 18,0; 22,0; 13,0; 16,8;  1,9;  3,8; 14,6; 15,0; 17,0; 15,0; 24,2;
17; 21,3; 11,4; 21,4; 12,5; 17,2;  3,0;  5,0; 10,8; 13,5; 16,4; 18,3; 21,4;
18; 19,2;  5,1; 21,2;  8,5; 10,4;  1,6;  7,0;  9,5;  9,2; 14,3; 17,2; 15,0;
19; 22,9; 11,6; 22,8;  9,7; 15,0; 10,3;  6,2;  7,0;  8,0; 11,2; 16,0; 13,0;
20; 27,5; 15,5; 20,2; 11,0; 12,8;  9,2;  5,5;  6,0; 13,0; 13,0; 20,8; 15,5;
21; 17,5; 16,5; 19,7; 13,2; 11,7;  8,8;  9,0; 10,5; 13,0; 20,8; 20,5; 17,2;
22; 21,5; 18,9; 18,3; 14,0; 12,0;  6,5; 12,8; 11,0; 16,4; 17,8; 16,2; 21,1;
23; 18,8; 15,7; 19,0; 15,0; 16,5;  6,2;  9,2;  7,8; 15,5; 16,9; 18,5; 20,4;
24; 23,0; 17,7; 20,4; 13,8; 14,9;  7,5;  9,2; 11,2; 14,4; 14,0; 19,2; 19,6;
25; 19,5; 16,9; 18,4; 11,4; 18,0;  6,3;  5,5;  6,6; 15,1; 15,2; 18,4; 21,1;
26; 20,5; 17,9; 16,9; 11,4; 17,2;  7,8;  5,0;  9,7; 12,5; 14,0; 19,7; 19,5;
27; 19,9; 16,6; 18,4; 12,8; 10,2;  8,7;  7,0;  8,5;  5,9; 15,4; 22,4; 21,4;
28; 18,4; 21,5; 20,1; 14,0;  7,8;  7,8;  4,5; 10,0; 12,8; 13,6; 22,4; 23,6;
29; 20,2;s/d; 20,5; 16,5;  9,5;  6,0;  8,0;  6,0; 14,8; 21,3; 18,0; 21,1;
30; 20,6;s/d; 12,9; 15,0;  7,0;  9,6; 10,8; 12,9; 10,7;  9,9; 17,6; 18,2;
31; 21,6;s/d; 17,2;s/d;  8,0;s/d;  9,0;  8,5;s/d; 12,3;s/d; 20,2;
 
Temperatura Media (°C)
Estación Meteorológica   Cordoba Observatorio
Año 2023 Temperatura Media (°C)
Datos Preliminares
 
Día;Ene;Feb;Mar;Abr;May;Jun;Jul;Ago;Sep;Oct;Nov;Dic;
1; 22,6; 25,6; 26,7; 18,9; 16,6; 16,7; 13,3; 23,4; 19,5; 20,6; 10,1; 26,0;
2; 24,5; 22,2; 27,9; 18,8; 16,4; 20,5; 20,8; 20,5; 14,1; 22,4; 11,3; 26,4;
3; 24,5; 23,8; 27,6; 20,8; 15,4; 18,5; 19,2; 16,3; 10,5; 17,5; 15,0; 16,2;
4; 26,1; 23,5; 28,2; 20,8; 15,2; 15,7; 22,1; 14,6; 12,8; 16,1; 20,0; 15,8;
5; 27,5; 25,8; 29,3; 20,8; 14,7; 16,3; 17,0; 16,9; 12,0; 19,0; 22,2; 16,5;
6; 28,8; 27,2; 27,2; 22,9; 15,1; 18,5; 14,5; 16,7; 12,4; 19,9; 25,6; 22,0;
7; 29,7; 29,1; 24,1; 23,4; 16,1; 17,6; 12,4; 13,6; 13,8; 20,7; 30,5; 25,1;
8; 31,3; 27,0; 26,5; 23,6; 16,3; 21,5; 14,9; 11,4; 12,9; 22,5; 24,3; 24,1;
9; 30,8; 28,1; 28,2; 23,4; 17,3; 17,0; 15,2; 11,5; 15,1; 25,5; 22,9; 22,3;
10; 31,6; 28,3; 29,3; 23,5; 17,0; 12,1; 13,9; 17,4; 22,9; 26,9; 24,0; 24,4;
11; 23,8; 29,6; 30,5; 24,1; 17,8; 10,3; 10,2; 13,2; 21,6; 17,2; 26,8; 26,4;
12; 19,4; 32,4; 31,1; 19,9; 18,3;  6,9;  8,3; 11,6; 15,0; 13,6; 19,6; 28,8;
13; 22,8; 27,5; 31,4; 14,4; 18,8;  6,1;  6,1; 16,0; 15,0; 16,4; 19,5; 25,4;
14; 25,8; 27,3; 23,2; 14,8; 19,6;  7,6;  7,5; 18,2; 17,6; 19,3; 21,1; 25,6;
15; 27,3; 27,9; 26,8; 16,0; 19,9;  8,6;  8,9; 22,5; 22,2; 22,3; 23,1; 27,4;
16; 28,8; 21,1; 28,0; 16,9; 22,7;  8,7;  8,5; 20,3; 22,4; 23,9; 21,3; 29,8;
17; 29,7; 13,7; 28,0; 17,1; 22,3;  8,4;  7,6; 14,8; 18,6; 20,4; 25,2; 24,3;
18; 25,7; 15,1; 27,7; 16,3; 15,3;  9,8;  9,5; 13,3; 14,6; 16,0; 21,5; 18,0;
19; 29,1; 19,8; 28,5; 17,3; 18,5; 12,3; 10,0; 14,3; 15,7; 20,4; 23,3; 15,6;
20; 30,7; 23,2; 23,2; 18,2; 14,1; 10,9; 13,1; 13,4; 17,3; 23,1; 29,2; 18,7;
21; 25,3; 25,5; 21,7; 17,7; 15,2; 11,5; 17,0; 21,9; 22,0; 27,3; 25,3; 22,8;
22; 26,2; 21,3; 20,7; 18,8; 17,6; 11,5; 16,3; 15,3; 20,6; 23,6; 23,0; 25,3;
23; 26,2; 22,6; 20,4; 18,7; 20,5; 12,3; 12,2; 12,9; 18,7; 20,1; 24,9; 28,0;
24; 27,1; 23,6; 21,9; 16,5; 20,4; 12,9; 11,3; 14,6; 19,5; 17,6; 25,0; 26,3;
25; 24,9; 24,1; 23,3; 18,0; 20,2; 13,0;  9,5; 12,3; 19,5; 18,3; 25,8; 25,7;
26; 26,8; 24,2; 21,1; 19,4; 18,5; 14,1; 11,2; 12,2; 15,6; 20,6; 27,8; 26,4;
27; 24,1; 25,9; 22,4; 20,4; 13,1; 14,6; 12,5; 13,0; 16,3; 22,2; 28,6; 28,4;
28; 24,3; 28,8; 25,5; 21,7; 11,2; 12,9; 13,0; 15,1; 19,0; 24,2; 28,3; 29,2;
29; 24,1;s/d; 23,0; 23,6; 12,5; 11,4; 16,9; 16,1; 17,3; 29,3; 21,6; 29,2;
30; 26,7;s/d; 20,2; 19,6; 13,5; 13,4; 16,9; 21,1; 17,4; 18,2; 22,5; 23,2;
31; 28,0;s/d; 19,2;s/d; 15,2;s/d; 18,4; 15,9;s/d; 17,3;s/d; 25,1;
 
